3 -1.0000000000
3 -0.9000000000
3 -0.8000000000
3 -0.7000000000
3 -0.6000000000
3 -0.5000000000
3 -0.4000000000
3 -0.3000000000
3 -0.2000000000
3 -0.1000000000
3 0.0000000000
3 0.1000000000
3 0.2000000000
3 0.3000000000
3 0.4000000000
3 0.5000000000
3 0.6000000000
3 0.7000000000
3 0.8000000000
3 0.9000000000
3 1.0000000000
6 -1.0000000000
6 -0.9000000000
6 -0.8000000000
6 -0.7000000000
6 -0.6000000000
6 -0.5000000000
6 -0.4000000000
6 -0.3000000000
6 -0.2000000000
6 -0.1000000000
6 0.0000000000
6 0.1000000000
6 0.2000000000
6 0.3000000000
6 0.4000000000
6 0.5000000000
6 0.6000000000
6 0.7000000000
6 0.8000000000
6 0.9000000000
6 1.0000000000
9 -1.0000000000
9 -0.9000000000
9 -0.8000000000
9 -0.7000000000
9 -0.6000000000
9 -0.5000000000
9 -0.4000000000
9 -0.3000000000
9 -0.2000000000
9 -0.1000000000
9 0.0000000000
9 0.1000000000
9 0.2000000000
9 0.3000000000
9 0.4000000000
9 0.5000000000
9 0.6000000000
9 0.7000000000
9 0.8000000000
9 0.9000000000
9 1.0000000000
